46.058375,13.49;46.058375,14.235125;46.55,14.235125;46.55,13.49;46.058375,13.49;
46.058375,14.235125;46.058375,14.98025;46.55,14.98025;46.55,14.235125;46.058375,14.235125;
46.058375,14.98025;46.058375,15.725375;46.55,15.725375;46.55,14.98025;46.058375,14.98025;
46.058375,15.725375;46.058375,16.4705;46.55,16.4705;46.55,15.725375;46.058375,15.725375;
46.058375,16.4705;46.058375,17.215625;46.55,17.215625;46.55,16.4705;46.058375,16.4705;
46.058375,17.215625;46.058375,17.96075;46.55,17.96075;46.55,17.215625;46.058375,17.215625;
46.058375,17.96075;46.058375,18.705875;46.55,18.705875;46.55,17.96075;46.058375,17.96075;
46.058375,18.705875;46.058375,19.451;46.55,19.451;46.55,18.705875;46.058375,18.705875;
46.058375,19.451;46.058375,20.196125000000002;46.55,20.196125000000002;46.55,19.451;46.058375,19.451;
45.56675,13.49;45.56675,14.235125;46.058375,14.235125;46.058375,13.49;45.56675,13.49;
45.56675,14.235125;45.56675,14.98025;46.058375,14.98025;46.058375,14.235125;45.56675,14.235125;
45.56675,14.98025;45.56675,15.725375;46.058375,15.725375;46.058375,14.98025;45.56675,14.98025;
45.56675,15.725375;45.56675,16.4705;46.058375,16.4705;46.058375,15.725375;45.56675,15.725375;
45.56675,16.4705;45.56675,17.215625;46.058375,17.215625;46.058375,16.4705;45.56675,16.4705;
45.56675,17.215625;45.56675,17.96075;46.058375,17.96075;46.058375,17.215625;45.56675,17.215625;
45.56675,17.96075;45.56675,18.705875;46.058375,18.705875;46.058375,17.96075;45.56675,17.96075;
45.56675,18.705875;45.56675,19.451;46.058375,19.451;46.058375,18.705875;45.56675,18.705875;
45.56675,19.451;45.56675,20.196125000000002;46.058375,20.196125000000002;46.058375,19.451;45.56675,19.451;
45.075125,13.49;45.075125,14.235125;45.56675,14.235125;45.56675,13.49;45.075125,13.49;
45.075125,14.235125;45.075125,14.98025;45.56675,14.98025;45.56675,14.235125;45.075125,14.235125;
45.075125,14.98025;45.075125,15.725375;45.56675,15.725375;45.56675,14.98025;45.075125,14.98025;
45.075125,15.725375;45.075125,16.4705;45.56675,16.4705;45.56675,15.725375;45.075125,15.725375;
45.075125,16.4705;45.075125,17.215625;45.56675,17.215625;45.56675,16.4705;45.075125,16.4705;
45.075125,17.215625;45.075125,17.96075;45.56675,17.96075;45.56675,17.215625;45.075125,17.215625;
45.075125,17.96075;45.075125,18.705875;45.56675,18.705875;45.56675,17.96075;45.075125,17.96075;
45.075125,18.705875;45.075125,19.451;45.56675,19.451;45.56675,18.705875;45.075125,18.705875;
45.075125,19.451;45.075125,20.196125000000002;45.56675,20.196125000000002;45.56675,19.451;45.075125,19.451;
44.5835,13.49;44.5835,14.235125;45.075125,14.235125;45.075125,13.49;44.5835,13.49;
44.5835,14.235125;44.5835,14.98025;45.075125,14.98025;45.075125,14.235125;44.5835,14.235125;
44.5835,14.98025;44.5835,15.725375;45.075125,15.725375;45.075125,14.98025;44.5835,14.98025;
44.5835,15.725375;44.5835,16.4705;45.075125,16.4705;45.075125,15.725375;44.5835,15.725375;
44.5835,16.4705;44.5835,17.215625;45.075125,17.215625;45.075125,16.4705;44.5835,16.4705;
44.5835,17.215625;44.5835,17.96075;45.075125,17.96075;45.075125,17.215625;44.5835,17.215625;
44.5835,17.96075;44.5835,18.705875;45.075125,18.705875;45.075125,17.96075;44.5835,17.96075;
44.5835,18.705875;44.5835,19.451;45.075125,19.451;45.075125,18.705875;44.5835,18.705875;
44.5835,19.451;44.5835,20.196125000000002;45.075125,20.196125000000002;45.075125,19.451;44.5835,19.451;
44.091874999999995,13.49;44.091874999999995,14.235125;44.5835,14.235125;44.5835,13.49;44.091874999999995,13.49;
44.091874999999995,14.235125;44.091874999999995,14.98025;44.5835,14.98025;44.5835,14.235125;44.091874999999995,14.235125;
44.091874999999995,14.98025;44.091874999999995,15.725375;44.5835,15.725375;44.5835,14.98025;44.091874999999995,14.98025;
44.091874999999995,15.725375;44.091874999999995,16.4705;44.5835,16.4705;44.5835,15.725375;44.091874999999995,15.725375;
44.091874999999995,16.4705;44.091874999999995,17.215625;44.5835,17.215625;44.5835,16.4705;44.091874999999995,16.4705;
44.091874999999995,17.215625;44.091874999999995,17.96075;44.5835,17.96075;44.5835,17.215625;44.091874999999995,17.215625;
44.091874999999995,17.96075;44.091874999999995,18.705875;44.5835,18.705875;44.5835,17.96075;44.091874999999995,17.96075;
44.091874999999995,18.705875;44.091874999999995,19.451;44.5835,19.451;44.5835,18.705875;44.091874999999995,18.705875;
44.091874999999995,19.451;44.091874999999995,20.196125000000002;44.5835,20.196125000000002;44.5835,19.451;44.091874999999995,19.451;
43.600249999999996,13.49;43.600249999999996,14.235125;44.091874999999995,14.235125;44.091874999999995,13.49;43.600249999999996,13.49;
43.600249999999996,14.235125;43.600249999999996,14.98025;44.091874999999995,14.98025;44.091874999999995,14.235125;43.600249999999996,14.235125;
43.600249999999996,14.98025;43.600249999999996,15.725375;44.091874999999995,15.725375;44.091874999999995,14.98025;43.600249999999996,14.98025;
43.600249999999996,15.725375;43.600249999999996,16.4705;44.091874999999995,16.4705;44.091874999999995,15.725375;43.600249999999996,15.725375;
43.600249999999996,16.4705;43.600249999999996,17.215625;44.091874999999995,17.215625;44.091874999999995,16.4705;43.600249999999996,16.4705;
43.600249999999996,17.215625;43.600249999999996,17.96075;44.091874999999995,17.96075;44.091874999999995,17.215625;43.600249999999996,17.215625;
43.600249999999996,17.96075;43.600249999999996,18.705875;44.091874999999995,18.705875;44.091874999999995,17.96075;43.600249999999996,17.96075;
43.600249999999996,18.705875;43.600249999999996,19.451;44.091874999999995,19.451;44.091874999999995,18.705875;43.600249999999996,18.705875;
43.600249999999996,19.451;43.600249999999996,20.196125000000002;44.091874999999995,20.196125000000002;44.091874999999995,19.451;43.600249999999996,19.451;
43.108624999999996,13.49;43.108624999999996,14.235125;43.600249999999996,14.235125;43.600249999999996,13.49;43.108624999999996,13.49;
43.108624999999996,14.235125;43.108624999999996,14.98025;43.600249999999996,14.98025;43.600249999999996,14.235125;43.108624999999996,14.235125;
43.108624999999996,14.98025;43.108624999999996,15.725375;43.600249999999996,15.725375;43.600249999999996,14.98025;43.108624999999996,14.98025;
43.108624999999996,15.725375;43.108624999999996,16.4705;43.600249999999996,16.4705;43.600249999999996,15.725375;43.108624999999996,15.725375;
43.108624999999996,16.4705;43.108624999999996,17.215625;43.600249999999996,17.215625;43.600249999999996,16.4705;43.108624999999996,16.4705;
43.108624999999996,17.215625;43.108624999999996,17.96075;43.600249999999996,17.96075;43.600249999999996,17.215625;43.108624999999996,17.215625;
43.108624999999996,17.96075;43.108624999999996,18.705875;43.600249999999996,18.705875;43.600249999999996,17.96075;43.108624999999996,17.96075;
43.108624999999996,18.705875;43.108624999999996,19.451;43.600249999999996,19.451;43.600249999999996,18.705875;43.108624999999996,18.705875;
43.108624999999996,19.451;43.108624999999996,20.196125000000002;43.600249999999996,20.196125000000002;43.600249999999996,19.451;43.108624999999996,19.451;
42.617,13.49;42.617,14.235125;43.108624999999996,14.235125;43.108624999999996,13.49;42.617,13.49;
42.617,14.235125;42.617,14.98025;43.108624999999996,14.98025;43.108624999999996,14.235125;42.617,14.235125;
42.617,14.98025;42.617,15.725375;43.108624999999996,15.725375;43.108624999999996,14.98025;42.617,14.98025;
42.617,15.725375;42.617,16.4705;43.108624999999996,16.4705;43.108624999999996,15.725375;42.617,15.725375;
42.617,16.4705;42.617,17.215625;43.108624999999996,17.215625;43.108624999999996,16.4705;42.617,16.4705;
42.617,17.215625;42.617,17.96075;43.108624999999996,17.96075;43.108624999999996,17.215625;42.617,17.215625;
42.617,17.96075;42.617,18.705875;43.108624999999996,18.705875;43.108624999999996,17.96075;42.617,17.96075;
42.617,18.705875;42.617,19.451;43.108624999999996,19.451;43.108624999999996,18.705875;42.617,18.705875;
42.617,19.451;42.617,20.196125000000002;43.108624999999996,20.196125000000002;43.108624999999996,19.451;42.617,19.451;
42.125375,13.49;42.125375,14.235125;42.617,14.235125;42.617,13.49;42.125375,13.49;
42.125375,14.235125;42.125375,14.98025;42.617,14.98025;42.617,14.235125;42.125375,14.235125;
42.125375,14.98025;42.125375,15.725375;42.617,15.725375;42.617,14.98025;42.125375,14.98025;
42.125375,15.725375;42.125375,16.4705;42.617,16.4705;42.617,15.725375;42.125375,15.725375;
42.125375,16.4705;42.125375,17.215625;42.617,17.215625;42.617,16.4705;42.125375,16.4705;
42.125375,17.215625;42.125375,17.96075;42.617,17.96075;42.617,17.215625;42.125375,17.215625;
42.125375,17.96075;42.125375,18.705875;42.617,18.705875;42.617,17.96075;42.125375,17.96075;
42.125375,18.705875;42.125375,19.451;42.617,19.451;42.617,18.705875;42.125375,18.705875;
42.125375,19.451;42.125375,20.196125000000002;42.617,20.196125000000002;42.617,19.451;42.125375,19.451;
